00000117
10410113
00012083
00000013
00000013
00000013
00000117
0f010113
00000193
0010a493
00000013
00000013
00000013
0c049c63
00000013
00000013
00000013
00007213
00412023
00118193
00000013
00000013
00000013
0011c533
00000013
00000013
00000013
0a050063
00000013
00000013
00000013
00106293
00512223
00118193
00000013
00000013
00000013
00000233
005002b3
0030b4b3
00000013
00000013
00000013
06049063
00000013
00000013
00000013
00520333
00000013
00000013
00000013
00219393
00000013
00000013
00000013
00710433
00000013
00000013
00000013
00642023
00506233
006372b3
00118193
fa1ff06f
00000013
00000013
00000013
0000006f
00000013
00000013


