10000097
00008093
0000a083
00000013
00000013
00000013
10000117
fec10113
00012103
00000013
00000013
00000013
148000ef
00000013
00000013
00000197
17818193
00000013
00000013
00000013
000180e7
00000013
00000013
10000197
fb418193
00000013
00000013
00000013
0001a023
0020cc63
00000013
00000013
0200006f
00000013
00000013
00100213
00000013
00000013
00000013
0041a023
10000197
f7418193
00000013
00000013
00000013
0001a023
0020ec63
00000013
00000013
0200006f
00000013
00000013
00100213
00000013
00000013
00000013
0041a023
10000197
f3418193
00000013
00000013
00000013
0001a023
0020dc63
00000013
00000013
0200006f
00000013
00000013
00100213
00000013
00000013
00000013
0041a023
10000197
ef418193
00000013
00000013
00000013
0001a023
0020fc63
00000013
00000013
0200006f
00000013
00000013
00100213
00000013
00000013
00000013
0041a023
0000006f
00000013
00000013
00208233
00000013
00000013
00000013
10000297
e8028293
00000013
00000013
00000013
0042a023
00000013
00000013
00008067
00000013
00000013
00208233
00000013
00000013
00000013
10000297
e4828293
00000013
00000013
00000013
0042a023
00000013
00000013
00008067
00000013
00000013


