10000297
02028293
0002a083
00000013
00000013
00000013
00000133
00000013
00000013
00000013
00104613
00204693
00000013
00000013
00000013
0020a2b3
00000013
00000013
00000013
1ec28a63
00000013
00000013
00000013
000101b3
00000013
00000013
00000013
00c10233
00000013
00000013
00000013
0040a2b3
00000013
00000013
00000013
0ec28463
00000013
00000013
00000013
00d212b3
00000013
00000013
00000013
10000317
f5430313
00000013
00000013
00000013
006282b3
00000013
00000013
00000013
0002a383
00000013
00000013
00000013
00d19433
00000013
00000013
00000013
10000497
f1048493
00000013
00000013
00000013
00940433
00000013
00000013
00000013
00042503
00000013
00000013
00000013
00a3a5b3
00000013
00000013
00000013
02058063
00000013
00000013
00000013
000201b3
00000013
00000013
00000013
00c20233
00000013
00000013
00000013
f19ff06f
00000013
00000013
00000013
0a310663
00000013
00000013
00000013
00d112b3
00000013
00000013
00000013
10000317
e6c30313
00000013
00000013
00000013
006282b3
00000013
00000013
00000013
0002a383
00000013
00000013
00000013
00d19433
00000013
00000013
00000013
10000497
e2848493
00000013
00000013
00000013
00940433
00000013
00000013
00000013
00042503
00000013
00000013
00000013
00a2a023
00000013
00000013
00000013
00742023
00c10133
00000013
00000013
00000013
e0dff06f
00000013
00000013
00000013
00a04513
ffdff06f
00000013
00000013
00000013

